x = 0;
y = 0;
x,y = focalLength(718.0,[411.0,412.5,414.5,416.0,414.0])