A= [0:10;(0:10).^4;3.^(0:10)]'
